Ndex	Pokémon		HP	Atk	Def	SpAtk	spDef	Speed Prom	Var
001 	Bulbasaur 	45 	49 	49 	65 	65 	45 	53,00 	9,47
002 	Ivysaur 	60 	62 	63 	80 	80 	60 	67,50 	9,75
003 	Venusaur 	80 	82 	83 	100 	100 	80 	87,50 	9,75
004 	Charmander 	39 	52 	43 	60 	50 	65 	51,50 	9,85
005 	Charmeleon 	58 	64 	58 	80 	65 	80 	67,50 	10,11
006 	Charizard 	78 	84 	78 	109 	85 	100 	89,00 	12,68
007 	Squirtle 	44 	48 	65 	50 	64 	43 	52,33 	9,77
008 	Wartortle 	59 	63 	80 	65 	80 	58 	67,50 	10,01
009 	Blastoise 	79 	83 	100 	85 	105 	78 	88,33 	11,38
010 	Caterpie 	45 	30 	35 	20 	20 	45 	32,50 	11,29
011 	Metapod 	50 	20 	55 	25 	25 	30 	34,17 	14,63
012 	Butterfree 	60 	45 	50 	80 	80 	70 	64,17 	14,97
013 	Weedle 	40 	35 	30 	20 	20 	50 	32,50 	11,73
014 	Kakuna 	45 	25 	50 	25 	25 	35 	34,17 	11,14
015 	Beedrill 	65 	80 	40 	45 	80 	75 	64,17 	17,72
016 	Pidgey 	40 	45 	40 	35 	35 	56 	41,83 	7,88
017 	Pidgeotto 	63 	60 	55 	50 	50 	71 	58,17 	8,18
018 	Pidgeot 	83 	80 	75 	70 	70 	91 	78,17 	8,18
019 	Rattata 	30 	56 	35 	25 	35 	72 	42,17 	18,04
020 	Raticate 	55 	81 	60 	50 	70 	97 	68,83 	17,70
021 	Spearow 	40 	60 	30 	31 	31 	70 	43,67 	17,21
022 	Fearow 	65 	90 	65 	61 	61 	100 	73,67 	16,92
023 	Ekans 	35 	60 	44 	40 	54 	55 	48,00 	9,78
024 	Arbok 	60 	85 	69 	65 	79 	80 	73,00 	9,78
025 	Pikachu 	35 	55 	30 	50 	40 	90 	50,00 	21,68
026 	Raichu 	60 	90 	55 	90 	80 	100 	79,17 	18,00
027 	Sandshrew 	50 	75 	85 	20 	30 	40 	50,00 	25,50
028 	Sandslash 	75 	100 	110 	45 	55 	65 	75,00 	25,50
029 	Nidoran♀ 	55 	47 	52 	40 	40 	41 	45,83 	6,55
030 	Nidorina 	70 	62 	67 	55 	55 	56 	60,83 	6,55
031 	Nidoqueen 	90 	82 	87 	75 	85 	76 	82,50 	6,02
032 	Nidoran♂ 	46 	57 	40 	40 	40 	50 	45,50 	6,98
033 	Nidorino 	61 	72 	57 	55 	55 	65 	60,83 	6,71
034 	Nidoking 	81 	92 	77 	85 	75 	85 	82,50 	6,19
035 	Clefairy 	70 	45 	48 	60 	65 	35 	53,83 	13,35
036 	Clefable 	95 	70 	73 	85 	90 	60 	78,83 	13,35
037 	Vulpix 	38 	41 	40 	50 	65 	65 	49,83 	12,45
038 	Ninetales 	73 	76 	75 	81 	100 	100 	84,17 	12,54
039 	Jigglypuff 	115 	45 	20 	45 	25 	20 	45,00 	36,19
040 	Wigglytuff 	140 	70 	45 	75 	50 	45 	70,83 	36,25
041 	Zubat 	40 	45 	35 	30 	40 	55 	40,83 	8,61
042 	Golbat 	75 	80 	70 	65 	75 	90 	75,83 	8,61
043 	Oddish 	45 	50 	55 	75 	65 	30 	53,33 	15,71
044 	Gloom 	60 	65 	70 	85 	75 	40 	65,83 	15,30
045 	Vileplume 	75 	80 	85 	100 	90 	50 	80,00 	17,03
046 	Paras 	35 	70 	55 	45 	55 	25 	47,50 	16,05
047 	Parasect 	60 	95 	80 	60 	80 	30 	67,50 	22,75
048 	Venonat 	60 	55 	50 	40 	55 	45 	50,83 	7,36
049 	Venomoth 	70 	65 	60 	90 	75 	90 	75,00 	12,65
050 	Diglett 	10 	55 	25 	35 	45 	95 	44,17 	29,40
051 	Dugtrio 	35 	80 	50 	50 	70 	120 	67,50 	30,29
052 	Meowth 	40 	45 	35 	40 	40 	90 	48,33 	20,66
053 	Persian 	65 	70 	60 	65 	65 	115 	73,33 	20,66
054 	Psyduck 	50 	52 	48 	65 	50 	55 	53,33 	6,19
055 	Golduck 	80 	82 	78 	95 	80 	85 	83,33 	6,19
056 	Mankey 	40 	80 	35 	35 	45 	70 	50,83 	19,34
057 	Primeape 	65 	105 	60 	60 	70 	95 	75,83 	19,34
058 	Growlithe 	55 	70 	45 	70 	50 	60 	58,33 	10,33
059 	Arcanine 	90 	110 	80 	100 	80 	95 	92,50 	11,73
060 	Poliwag 	40 	50 	40 	40 	40 	90 	50,00 	20,00
061 	Poliwhirl 	65 	65 	65 	50 	50 	90 	64,17 	14,63
062 	Poliwrath 	90 	85 	95 	70 	90 	70 	83,33 	10,80
063 	Abra 	25 	20 	15 	105 	55 	90 	51,67 	38,43
064 	Kadabra 	40 	35 	30 	120 	70 	105 	66,67 	38,43
065 	Alakazam 	55 	50 	45 	135 	85 	120 	81,67 	38,43
066 	Machop 	70 	80 	50 	35 	35 	35 	50,83 	19,85
067 	Machoke 	80 	100 	70 	50 	60 	45 	67,50 	20,43
068 	Machamp 	90 	130 	80 	65 	85 	55 	84,17 	25,96
069 	Bellsprout 	50 	75 	35 	70 	30 	40 	50,00 	18,71
070 	Weepinbell 	65 	90 	50 	85 	45 	55 	65,00 	18,71
071 	Victreebel 	80 	105 	65 	100 	60 	70 	80,00 	18,71
072 	Tentacool 	40 	40 	35 	50 	100 	70 	55,83 	24,98
073 	Tentacruel 	80 	70 	65 	80 	120 	100 	85,83 	20,60
074 	Geodude 	40 	80 	100 	30 	30 	20 	50,00 	32,25
075 	Graveler 	55 	95 	115 	45 	45 	35 	65,00 	32,25
076 	Golem 	80 	110 	130 	55 	65 	45 	80,83 	33,08
077 	Ponyta 	50 	85 	55 	65 	65 	90 	68,33 	16,02
078 	Rapidash 	65 	100 	70 	80 	80 	105 	83,33 	16,02
079 	Slowpoke 	90 	65 	65 	40 	40 	15 	52,50 	26,22
080 	Slowbro 	95 	75 	110 	100 	80 	30 	81,67 	28,40
081 	Magnemite 	25 	35 	70 	95 	55 	45 	54,17 	25,38
082 	Magneton 	50 	60 	95 	120 	70 	70 	77,50 	25,64
083 	Farfetch'd 	52 	65 	55 	58 	62 	60 	58,67 	4,72
084 	Doduo 	35 	85 	45 	35 	35 	75 	51,67 	22,51
085 	Dodrio 	60 	110 	70 	60 	60 	100 	76,67 	22,51
086 	Seel 	65 	45 	55 	45 	70 	45 	54,17 	11,14
087 	Dewgong 	90 	70 	80 	70 	95 	70 	79,17 	11,14
088 	Grimer 	80 	80 	50 	40 	50 	25 	54,17 	22,00
089 	Muk 	105 	105 	75 	65 	100 	50 	83,33 	23,38
090 	Shellder 	30 	65 	100 	45 	25 	40 	50,83 	27,82
091 	Cloyster 	50 	95 	180 	85 	45 	70 	87,50 	49,27
092 	Gastly 	30 	35 	30 	100 	35 	80 	51,67 	30,44
093 	Haunter 	45 	50 	45 	115 	55 	95 	67,50 	29,96
094 	Gengar 	60 	65 	60 	130 	75 	110 	83,33 	29,61
095 	Onix 	35 	45 	160 	30 	45 	70 	64,17 	48,93
096 	Drowzee 	60 	48 	45 	43 	90 	42 	54,67 	18,50
097 	Hypno 	85 	73 	70 	73 	115 	67 	80,50 	17,97
098 	Krabby 	30 	105 	90 	25 	25 	50 	54,17 	35,13
099 	Kingler 	55 	130 	115 	50 	50 	75 	79,17 	35,13
100 	Voltorb 	40 	30 	50 	55 	55 	100 	55,00 	24,08
101 	Electrode 	60 	50 	70 	80 	80 	140 	80,00 	31,62
102 	Exeggcute 	60 	40 	80 	60 	45 	40 	54,17 	15,63
103 	Exeggutor 	95 	95 	85 	125 	65 	55 	86,67 	24,83
104 	Cubone 	50 	50 	95 	40 	50 	35 	53,33 	21,37
105 	Marowak 	60 	80 	110 	50 	80 	45 	70,83 	24,17
106 	Hitmonlee 	50 	120 	53 	35 	110 	87 	75,83 	34,93
107 	Hitmonchan 	50 	105 	79 	35 	110 	76 	75,83 	29,54
108 	Lickitung 	90 	55 	75 	60 	75 	30 	64,17 	20,84
109 	Koffing 	40 	65 	95 	60 	45 	35 	56,67 	22,06
110 	Weezing 	65 	90 	120 	85 	70 	60 	81,67 	22,06
111 	Rhyhorn 	80 	85 	95 	30 	30 	25 	57,50 	32,37
112 	Rhydon 	105 	130 	120 	45 	45 	40 	80,83 	41,88
113 	Chansey 	250 	5 	5 	35 	105 	50 	75,00 	93,33
114 	Tangela 	65 	55 	115 	100 	40 	60 	72,50 	28,77
115 	Kangaskhan 	105 	95 	80 	40 	80 	90 	81,67 	22,51
116 	Horsea 	30 	40 	70 	70 	25 	60 	49,17 	20,10
117 	Seadra 	55 	65 	95 	95 	45 	85 	73,33 	21,37
118 	Goldeen 	45 	67 	60 	35 	50 	63 	53,33 	12,18
119 	Seaking 	80 	92 	65 	65 	80 	68 	75,00 	10,84
120 	Staryu 	30 	45 	55 	70 	55 	85 	56,67 	19,15
121 	Starmie 	60 	75 	85 	100 	85 	115 	86,67 	19,15
122 	Mr. Mime 	40 	45 	65 	100 	120 	90 	76,67 	31,89
123 	Scyther 	70 	110 	80 	55 	80 	105 	83,33 	20,90
124 	Jynx 	65 	50 	35 	115 	95 	95 	75,83 	30,73
125 	Electabuzz 	65 	83 	57 	95 	85 	105 	81,67 	18,01
126 	Magmar 	65 	95 	57 	100 	85 	93 	82,50 	17,52
127 	Pinsir 	65 	125 	100 	55 	70 	85 	83,33 	25,82
128 	Tauros 	75 	100 	95 	40 	70 	110 	81,67 	25,43
129 	Magikarp 	20 	10 	55 	15 	20 	80 	33,33 	27,87
130 	Gyarados 	95 	125 	79 	60 	100 	81 	90,00 	22,14
131 	Lapras 	130 	85 	80 	85 	95 	60 	89,17 	23,11
132 	Ditto 	48 	48 	48 	48 	48 	48 	48,00 	0,00
133 	Eevee 	55 	55 	50 	45 	65 	55 	54,17 	6,65
134 	Vaporeon 	130 	65 	60 	110 	95 	65 	87,50 	28,77
135 	Jolteon 	65 	65 	60 	110 	95 	130 	87,50 	28,77
136 	Flareon 	65 	130 	60 	95 	110 	65 	87,50 	28,77
137 	Porygon 	65 	60 	70 	85 	75 	40 	65,83 	15,30
138 	Omanyte 	35 	40 	100 	90 	55 	35 	59,17 	28,88
139 	Omastar 	70 	60 	125 	115 	70 	55 	82,50 	29,79
140 	Kabuto 	30 	80 	90 	55 	45 	55 	59,17 	22,23
141 	Kabutops 	60 	115 	105 	65 	70 	80 	82,50 	22,53
142 	Aerodactyl 	80 	105 	65 	60 	75 	130 	85,83 	26,72
143 	Snorlax 	160 	110 	65 	65 	110 	30 	90,00 	45,93
144 	Articuno 	90 	85 	100 	95 	125 	85 	96,67 	15,06
145 	Zapdos 	90 	90 	85 	125 	90 	100 	96,67 	14,72
146 	Moltres 	90 	100 	90 	125 	85 	90 	96,67 	14,72
147 	Dratini 	41 	64 	45 	50 	50 	50 	50,00 	7,77
148 	Dragonair 	61 	84 	65 	70 	70 	70 	70,00 	7,77
149 	Dragonite 	91 	134 	95 	100 	100 	80 	100,00 	18,23
150 	Mewtwo 	106 	110 	90 	154 	90 	130 	113,33 	24,84
151 	Mew 	100 	100 	100 	100 	100 	100 	100,00 	0,00
152 	Chikorita 	45 	49 	65 	49 	65 	45 	53,00 	9,47
153 	Bayleef 	60 	62 	80 	63 	80 	60 	67,50 	9,75
154 	Meganium 	80 	82 	100 	83 	100 	80 	87,50 	9,75
155 	Cyndaquil 	39 	52 	43 	60 	50 	65 	51,50 	9,85
156 	Quilava 	58 	64 	58 	80 	65 	80 	67,50 	10,11
157 	Typhlosion 	78 	84 	78 	109 	85 	100 	89,00 	12,68
158 	Totodile 	50 	65 	64 	44 	48 	43 	52,33 	9,77
159 	Croconaw 	65 	80 	80 	59 	63 	58 	67,50 	10,01
160 	Feraligatr 	85 	105 	100 	79 	83 	78 	88,33 	11,38
161 	Sentret 	35 	46 	34 	35 	45 	20 	35,83 	9,41
162 	Furret 	85 	76 	64 	45 	55 	90 	69,17 	17,57
163 	Hoothoot 	60 	30 	30 	36 	56 	50 	43,67 	13,35
164 	Noctowl 	100 	50 	50 	76 	96 	70 	73,67 	21,59
165 	Ledyba 	40 	20 	30 	40 	80 	55 	44,17 	21,08
166 	Ledian 	55 	35 	50 	55 	110 	85 	65,00 	27,39
167 	Spinarak 	40 	60 	40 	40 	40 	30 	41,67 	9,83
168 	Ariados 	70 	90 	70 	60 	60 	40 	65,00 	16,43
169 	Crobat 	85 	90 	80 	70 	80 	130 	89,17 	21,08
170 	Chinchou 	75 	38 	38 	56 	56 	67 	55,00 	14,99
171 	Lanturn 	125 	58 	58 	76 	76 	67 	76,67 	25,01
172 	Pichu 	20 	40 	15 	35 	35 	60 	34,17 	15,94
173 	Cleffa 	50 	25 	28 	45 	55 	15 	36,33 	15,90
174 	Igglybuff 	90 	30 	15 	40 	20 	15 	35,00 	28,64
175 	Togepi 	35 	20 	65 	40 	65 	20 	40,83 	20,35
176 	Togetic 	55 	40 	85 	80 	105 	40 	67,50 	26,60
177 	Natu 	40 	50 	45 	70 	45 	70 	53,33 	13,29
178 	Xatu 	65 	75 	70 	95 	70 	95 	78,33 	13,29
179 	Mareep 	55 	40 	40 	65 	45 	35 	46,67 	11,25
180 	Flaaffy 	70 	55 	55 	80 	60 	45 	60,83 	12,42
181 	Ampharos 	90 	75 	75 	115 	90 	55 	83,33 	20,17
182 	Bellossom 	75 	80 	85 	90 	100 	50 	80,00 	17,03
183 	Marill 	70 	20 	50 	20 	50 	40 	41,67 	19,41
184 	Azumarill 	100 	50 	80 	50 	80 	50 	68,33 	21,37
185 	Sudowoodo 	70 	100 	115 	30 	65 	30 	68,33 	35,02
186 	Politoed 	90 	75 	75 	90 	100 	70 	83,33 	11,69
187 	Hoppip 	35 	35 	40 	35 	55 	50 	41,67 	8,76
188 	Skiploom 	55 	45 	50 	45 	65 	80 	56,67 	13,66
189 	Jumpluff 	75 	55 	70 	55 	85 	110 	75,00 	20,74
190 	Aipom 	55 	70 	55 	40 	55 	85 	60,00 	15,49
191 	Sunkern 	30 	30 	30 	30 	30 	30 	30,00 	0,00
192 	Sunflora 	75 	75 	55 	105 	85 	30 	70,83 	25,77
193 	Yanma 	65 	65 	45 	75 	45 	95 	65,00 	18,97
194 	Wooper 	55 	45 	45 	25 	25 	15 	35,00 	15,49
195 	Quagsire 	95 	85 	85 	65 	65 	35 	71,67 	21,60
196 	Espeon 	65 	65 	60 	130 	95 	110 	87,50 	28,77
197 	Umbreon 	95 	65 	110 	60 	130 	65 	87,50 	28,77
198 	Murkrow 	60 	85 	42 	85 	42 	91 	67,50 	22,46
199 	Slowking 	95 	75 	80 	100 	110 	30 	81,67 	28,40
200 	Misdreavus 	60 	60 	60 	85 	85 	85 	72,50 	13,69
201 	Unown 	48 	72 	48 	72 	48 	48 	56,00 	12,39
202 	Wobbuffet 	190 	33 	58 	33 	58 	33 	67,50 	61,25
203 	Girafarig 	70 	80 	65 	90 	65 	85 	75,83 	10,68
204 	Pineco 	50 	65 	90 	35 	35 	15 	48,33 	26,39
205 	Forretress 	75 	90 	140 	60 	60 	40 	77,50 	34,89
206 	Dunsparce 	100 	70 	70 	65 	65 	45 	69,17 	17,72
207 	Gligar 	65 	75 	105 	35 	65 	85 	71,67 	23,38
208 	Steelix 	75 	85 	200 	55 	65 	30 	85,00 	59,41
209 	Snubbull 	60 	80 	50 	40 	40 	30 	50,00 	17,89
210 	Granbull 	90 	120 	75 	60 	60 	45 	75,00 	26,83
211 	Qwilfish 	65 	95 	75 	55 	55 	85 	71,67 	16,33
212 	Scizor 	70 	130 	100 	55 	80 	65 	83,33 	27,51
213 	Shuckle 	20 	10 	230 	10 	230 	5 	84,17 	113,07
214 	Heracross 	80 	125 	75 	40 	95 	85 	83,33 	27,69
215 	Sneasel 	55 	95 	55 	35 	75 	115 	71,67 	29,44
216 	Teddiursa 	60 	80 	50 	50 	50 	40 	55,00 	13,78
217 	Ursaring 	90 	130 	75 	75 	75 	55 	83,33 	25,43
218 	Slugma 	40 	40 	40 	70 	40 	20 	41,67 	16,02
219 	Magcargo 	50 	50 	120 	80 	80 	30 	68,33 	31,89
220 	Swinub 	50 	50 	40 	30 	30 	50 	41,67 	9,83
221 	Piloswine 	100 	100 	80 	60 	60 	50 	75,00 	21,68
222 	Corsola 	55 	55 	85 	65 	85 	35 	63,33 	19,41
223 	Remoraid 	35 	65 	35 	65 	35 	65 	50,00 	16,43
224 	Octillery 	75 	105 	75 	105 	75 	45 	80,00 	22,58
225 	Delibird 	45 	55 	45 	65 	45 	75 	55,00 	12,65
226 	Mantine 	65 	40 	70 	80 	140 	70 	77,50 	33,43
227 	Skarmory 	65 	80 	140 	40 	70 	70 	77,50 	33,43
228 	Houndour 	45 	60 	30 	80 	50 	65 	55,00 	17,32
229 	Houndoom 	75 	90 	50 	110 	80 	95 	83,33 	20,41
230 	Kingdra 	75 	95 	95 	95 	95 	85 	90,00 	8,37
231 	Phanpy 	90 	60 	60 	40 	40 	40 	55,00 	19,75
232 	Donphan 	90 	120 	120 	60 	60 	50 	83,33 	31,41
233 	Porygon2 	85 	80 	90 	105 	95 	60 	85,83 	15,30
234 	Stantler 	73 	95 	62 	85 	65 	85 	77,50 	12,93
235 	Smeargle 	55 	20 	35 	20 	45 	75 	41,67 	21,37
236 	Tyrogue 	35 	35 	35 	35 	35 	35 	35,00 	0,00
237 	Hitmontop 	50 	95 	95 	35 	110 	70 	75,83 	29,23
238 	Smoochum 	45 	30 	15 	85 	65 	65 	50,83 	25,77
239 	Elekid 	45 	63 	37 	65 	55 	95 	60,00 	20,19
240 	Magby 	45 	75 	37 	70 	55 	83 	60,83 	18,05
241 	Miltank 	95 	80 	105 	40 	70 	100 	81,67 	24,22
242 	Blissey 	255 	10 	10 	75 	135 	55 	90,00 	93,27
243 	Raikou 	90 	85 	75 	115 	100 	115 	96,67 	16,33
244 	Entei 	115 	115 	85 	90 	75 	100 	96,67 	16,33
245 	Suicune 	100 	75 	115 	90 	115 	85 	96,67 	16,33
246 	Larvitar 	50 	64 	50 	45 	50 	41 	50,00 	7,77
247 	Pupitar 	70 	84 	70 	65 	70 	51 	68,33 	10,63
248 	Tyranitar 	100 	134 	110 	95 	100 	61 	100,00 	23,67
249 	Lugia 	106 	90 	130 	90 	154 	110 	113,33 	24,84
250 	Ho-Oh 	106 	130 	90 	110 	154 	90 	113,33 	24,84
251 	Celebi 	100 	100 	100 	100 	100 	100 	100,00 	0,00
252 	Treecko 	40 	45 	35 	65 	55 	70 	51,67 	14,02
253 	Grovyle 	50 	65 	45 	85 	65 	95 	67,50 	19,43
254 	Sceptile 	70 	85 	65 	105 	85 	120 	88,33 	20,90
255 	Torchic 	45 	60 	40 	70 	50 	45 	51,67 	11,25
256 	Combusken 	60 	85 	60 	85 	60 	55 	67,50 	13,69
257 	Blaziken 	80 	120 	70 	110 	70 	80 	88,33 	21,37
258 	Mudkip 	50 	70 	50 	50 	50 	40 	51,67 	9,83
259 	Marshtomp 	70 	85 	70 	60 	70 	50 	67,50 	11,73
260 	Swampert 	100 	110 	90 	85 	90 	60 	89,17 	16,86
261 	Poochyena 	35 	55 	35 	30 	30 	35 	36,67 	9,31
262 	Mightyena 	70 	90 	70 	60 	60 	70 	70,00 	10,95
263 	Zigzagoon 	38 	30 	41 	30 	41 	60 	40,00 	11,01
264 	Linoone 	78 	70 	61 	50 	61 	100 	70,00 	17,47
265 	Wurmple 	45 	45 	35 	20 	30 	20 	32,50 	11,29
266 	Silcoon 	50 	35 	55 	25 	25 	15 	34,17 	15,63
267 	Beautifly 	60 	70 	50 	90 	50 	65 	64,17 	14,97
268 	Cascoon 	50 	35 	55 	25 	25 	15 	34,17 	15,63
269 	Dustox 	60 	50 	70 	50 	90 	65 	64,17 	14,97
270 	Lotad 	40 	30 	30 	40 	50 	30 	36,67 	8,16
271 	Lombre 	60 	50 	50 	60 	70 	50 	56,67 	8,16
272 	Ludicolo 	80 	70 	70 	90 	100 	70 	80,00 	12,65
273 	Seedot 	40 	40 	50 	30 	30 	30 	36,67 	8,16
274 	Nuzleaf 	70 	70 	40 	60 	40 	60 	56,67 	13,66
275 	Shiftry 	90 	100 	60 	90 	60 	80 	80,00 	16,73
276 	Taillow 	40 	55 	30 	30 	30 	85 	45,00 	21,91
277 	Swellow 	60 	85 	60 	50 	50 	125 	71,67 	29,10
278 	Wingull 	40 	30 	30 	55 	30 	85 	45,00 	21,91
279 	Pelipper 	60 	50 	100 	85 	70 	65 	71,67 	18,07
280 	Ralts 	28 	25 	25 	45 	35 	40 	33,00 	8,37
281 	Kirlia 	38 	35 	35 	65 	55 	50 	46,33 	12,36
282 	Gardevoir 	68 	65 	65 	125 	115 	80 	86,33 	26,85
283 	Surskit 	40 	30 	32 	50 	52 	65 	44,83 	13,36
284 	Masquerain 	70 	60 	62 	80 	82 	60 	69,00 	10,02
285 	Shroomish 	60 	40 	60 	40 	60 	35 	49,17 	12,01
286 	Breloom 	60 	130 	80 	60 	60 	70 	76,67 	27,33
287 	Slakoth 	60 	60 	60 	35 	35 	30 	46,67 	14,72
288 	Vigoroth 	80 	80 	80 	55 	55 	90 	73,33 	14,72
289 	Slaking 	150 	160 	100 	95 	65 	100 	111,67 	36,15
290 	Nincada 	31 	45 	90 	30 	30 	40 	44,33 	23,21
291 	Ninjask 	61 	90 	45 	50 	50 	160 	76,00 	44,25
292 	Shedinja 	1 	90 	45 	30 	30 	40 	39,33 	29,13
293 	Whismur 	64 	51 	23 	51 	23 	28 	40,00 	17,55
294 	Loudred 	84 	71 	43 	71 	43 	48 	60,00 	17,55
295 	Exploud 	104 	91 	63 	91 	63 	68 	80,00 	17,55
296 	Makuhita 	72 	60 	30 	20 	30 	25 	39,50 	21,20
297 	Hariyama 	144 	120 	60 	40 	60 	50 	79,00 	42,40
298 	Azurill 	50 	20 	40 	20 	40 	20 	31,67 	13,29
299 	Nosepass 	30 	45 	135 	45 	90 	30 	62,50 	41,80
300 	Skitty 	50 	45 	45 	35 	35 	50 	43,33 	6,83
301 	Delcatty 	70 	65 	65 	55 	55 	70 	63,33 	6,83
302 	Sableye 	50 	75 	75 	65 	65 	50 	63,33 	11,25
303 	Mawile 	50 	85 	85 	55 	55 	50 	63,33 	16,93
304 	Aron 	50 	70 	100 	40 	40 	30 	55,00 	25,88
305 	Lairon 	60 	90 	140 	50 	50 	40 	71,67 	37,64
306 	Aggron 	70 	110 	180 	60 	60 	50 	88,33 	49,56
307 	Meditite 	30 	40 	55 	40 	55 	60 	46,67 	11,69
308 	Medicham 	60 	60 	75 	60 	75 	80 	68,33 	9,31
309 	Electrike 	40 	45 	40 	65 	40 	65 	49,17 	12,42
310 	Manectric 	70 	75 	60 	105 	60 	105 	79,17 	20,84
311 	Plusle 	60 	50 	40 	85 	75 	95 	67,50 	21,15
312 	Minun 	60 	40 	50 	75 	85 	95 	67,50 	21,15
313 	Volbeat 	65 	73 	55 	47 	75 	85 	66,67 	13,94
314 	Illumise 	65 	47 	55 	73 	75 	85 	66,67 	13,94
315 	Roselia 	50 	60 	45 	100 	80 	65 	66,67 	20,41
316 	Gulpin 	70 	43 	53 	43 	53 	40 	50,33 	11,09
317 	Swalot 	100 	73 	83 	73 	83 	55 	77,83 	14,92
318 	Carvanha 	45 	90 	20 	65 	20 	65 	50,83 	27,82
319 	Sharpedo 	70 	120 	40 	95 	40 	95 	76,67 	32,51
320 	Wailmer 	130 	70 	35 	70 	35 	60 	66,67 	34,88
321 	Wailord 	170 	90 	45 	90 	45 	60 	83,33 	47,08
322 	Numel 	60 	60 	40 	65 	45 	35 	50,83 	12,42
323 	Camerupt 	70 	100 	70 	105 	75 	40 	76,67 	23,59
324 	Torkoal 	70 	85 	140 	85 	70 	20 	78,33 	38,56
325 	Spoink 	60 	25 	35 	70 	80 	60 	55,00 	20,98
326 	Grumpig 	80 	45 	65 	90 	110 	80 	78,33 	22,06
327 	Spinda 	60 	60 	60 	60 	60 	60 	60,00 	0,00
328 	Trapinch 	45 	100 	45 	45 	45 	10 	48,33 	28,93
329 	Vibrava 	50 	70 	50 	50 	50 	70 	56,67 	10,33
330 	Flygon 	80 	100 	80 	80 	80 	100 	86,67 	10,33
331 	Cacnea 	50 	85 	40 	85 	40 	35 	55,83 	23,11
332 	Cacturne 	70 	115 	60 	115 	60 	55 	79,17 	28,18
333 	Swablu 	45 	40 	60 	40 	75 	50 	51,67 	13,66
334 	Altaria 	75 	70 	90 	70 	105 	80 	81,67 	13,66
335 	Zangoose 	73 	115 	60 	60 	60 	90 	76,33 	22,33
336 	Seviper 	73 	100 	60 	100 	60 	65 	76,33 	18,94
337 	Lunatone 	70 	55 	65 	95 	85 	70 	73,33 	14,38
338 	Solrock 	70 	95 	85 	55 	65 	70 	73,33 	14,38
339 	Barboach 	50 	48 	43 	46 	41 	60 	48,00 	6,72
340 	Whiscash 	110 	78 	73 	76 	71 	60 	78,00 	16,89
341 	Corphish 	43 	80 	65 	50 	35 	35 	51,33 	17,96
342 	Crawdaunt 	63 	120 	85 	90 	55 	55 	78,00 	25,46
343 	Baltoy 	40 	40 	55 	40 	70 	55 	50,00 	12,25
344 	Claydol 	60 	70 	105 	70 	120 	75 	83,33 	23,59
345 	Lileep 	66 	41 	77 	61 	87 	23 	59,17 	23,58
346 	Cradily 	86 	81 	97 	81 	107 	43 	82,50 	21,85
347 	Anorith 	45 	95 	50 	40 	50 	75 	59,17 	21,31
348 	Armaldo 	75 	125 	100 	70 	80 	45 	82,50 	27,34
349 	Feebas 	20 	15 	20 	10 	55 	80 	33,33 	27,87
350 	Milotic 	95 	60 	79 	100 	125 	81 	90,00 	22,14
351 	Castform 	70 	70 	70 	70 	70 	70 	70,00 	0,00
352 	Kecleon 	60 	90 	70 	60 	120 	40 	73,33 	28,05
353 	Shuppet 	44 	75 	35 	63 	33 	45 	49,17 	16,52
354 	Banette 	64 	115 	65 	83 	63 	65 	75,83 	20,61
355 	Duskull 	20 	40 	90 	30 	90 	25 	49,17 	32,31
356 	Dusclops 	40 	70 	130 	60 	130 	25 	75,83 	44,77
357 	Tropius 	99 	68 	83 	72 	87 	51 	76,67 	16,74
358 	Chimecho 	65 	50 	70 	95 	80 	65 	70,83 	15,30
359 	Absol 	65 	130 	60 	75 	60 	75 	77,50 	26,60
360 	Wynaut 	95 	23 	48 	23 	48 	23 	43,33 	28,12
361 	Snorunt 	50 	50 	50 	50 	50 	50 	50,00 	0,00
362 	Glalie 	80 	80 	80 	80 	80 	80 	80,00 	0,00
363 	Spheal 	70 	40 	50 	55 	50 	25 	48,33 	15,06
364 	Sealeo 	90 	60 	70 	75 	70 	45 	68,33 	15,06
365 	Walrein 	110 	80 	90 	95 	90 	65 	88,33 	15,06
366 	Clamperl 	35 	64 	85 	74 	55 	32 	57,50 	21,14
367 	Huntail 	55 	104 	105 	94 	75 	52 	80,83 	23,78
368 	Gorebyss 	55 	84 	105 	114 	75 	52 	80,83 	25,40
369 	Relicanth 	100 	90 	130 	45 	65 	55 	80,83 	31,85
370 	Luvdisc 	43 	30 	55 	40 	65 	97 	55,00 	23,91
371 	Bagon 	45 	75 	60 	40 	30 	50 	50,00 	15,81
372 	Shelgon 	65 	95 	100 	60 	50 	50 	70,00 	22,14
373 	Salamence 	95 	135 	80 	110 	80 	100 	100,00 	20,74
374 	Beldum 	40 	55 	80 	35 	60 	30 	50,00 	18,71
375 	Metang 	60 	75 	100 	55 	80 	50 	70,00 	18,71
376 	Metagross 	80 	135 	130 	95 	90 	70 	100,00 	26,65
377 	Regirock 	80 	100 	200 	50 	100 	50 	96,67 	55,38
378 	Regice 	80 	50 	100 	100 	200 	50 	96,67 	55,38
379 	Registeel 	80 	75 	150 	75 	150 	50 	96,67 	42,62
380 	Latias 	80 	80 	90 	110 	130 	110 	100,00 	20,00
381 	Latios 	80 	90 	80 	130 	110 	110 	100,00 	20,00
382 	Kyogre 	100 	100 	90 	150 	140 	90 	111,67 	26,39
383 	Groudon 	100 	150 	140 	100 	90 	90 	111,67 	26,39
384 	Rayquaza 	105 	150 	90 	150 	90 	95 	113,33 	28,93
385 	Jirachi 	100 	100 	100 	100 	100 	100 	100,00 	0,00
386 	Deoxys   	50 	150 	50 	150 	50 	150 	100,00 	54,77
387 	Turtwig 	55 	68 	64 	45 	55 	31 	53,00 	13,43
388 	Grotle 	75 	89 	85 	55 	65 	36 	67,50 	19,90
389 	Torterra 	95 	109 	105 	75 	85 	56 	87,50 	19,90
390 	Chimchar 	44 	58 	44 	58 	44 	61 	51,50 	8,29
391 	Monferno 	64 	78 	52 	78 	52 	81 	67,50 	13,38
392 	Infernape 	76 	104 	71 	104 	71 	108 	89,00 	18,04
393 	Piplup 	53 	51 	53 	61 	56 	40 	52,33 	6,98
394 	Prinplup 	64 	66 	68 	81 	76 	50 	67,50 	10,73
395 	Empoleon 	84 	86 	88 	111 	101 	60 	88,33 	17,33
396 	Starly 	40 	55 	30 	30 	30 	60 	40,83 	13,57
397 	Staravia 	55 	75 	50 	40 	40 	80 	56,67 	17,22
398 	Staraptor 	85 	120 	70 	50 	50 	100 	79,17 	28,00
399 	Bidoof 	59 	45 	40 	35 	40 	31 	41,67 	9,75
400 	Bibarel 	79 	85 	60 	55 	60 	71 	68,33 	11,96
401 	Kricketot 	37 	25 	41 	25 	41 	25 	32,33 	8,16
402 	Kricketune 	77 	85 	51 	55 	51 	65 	64,00 	14,35
403 	Shinx 	45 	65 	34 	40 	34 	45 	43,83 	11,48
404 	Luxio 	60 	85 	49 	60 	49 	60 	60,50 	13,16
405 	Luxray 	80 	120 	79 	95 	79 	70 	87,17 	17,99
406 	Budew 	40 	30 	35 	50 	70 	55 	46,67 	14,72
407 	Roserade 	60 	70 	55 	125 	105 	90 	84,17 	27,46
408 	Cranidos 	67 	125 	40 	30 	30 	58 	58,33 	35,95
409 	Rampardos 	97 	165 	60 	65 	50 	58 	82,50 	43,56
410 	Shieldon 	30 	42 	118 	42 	88 	30 	58,33 	36,27
411 	Bastiodon 	60 	52 	168 	47 	138 	30 	82,50 	56,29
412 	Burmy 	40 	29 	45 	29 	45 	36 	37,33 	7,28
413 	Wormadam 	60 	59 	85 	79 	105 	36 	70,67 	24,11
414 	Mothim 	70 	94 	50 	94 	50 	66 	70,67 	19,83
415 	Combee 	30 	30 	42 	30 	42 	70 	40,67 	15,53
416 	Vespiquen 	70 	80 	102 	80 	102 	40 	79,00 	23,07
417 	Pachirisu 	60 	45 	70 	45 	90 	95 	67,50 	21,62
418 	Buizel 	55 	65 	35 	60 	30 	85 	55,00 	20,25
419 	Floatzel 	85 	105 	55 	85 	50 	115 	82,50 	26,03
420 	Cherubi 	45 	35 	45 	62 	53 	35 	45,83 	10,48
421 	Cherrim 	70 	60 	70 	87 	78 	85 	75,00 	10,28
422 	Shellos 	76 	48 	48 	57 	62 	34 	54,17 	14,34
423 	Gastrodon 	111 	83 	68 	92 	82 	39 	79,17 	24,24
424 	Ambipom 	75 	100 	66 	60 	66 	115 	80,33 	22,10
425 	Drifloon 	90 	50 	34 	60 	44 	70 	58,00 	20,04
426 	Drifblim 	150 	80 	44 	90 	54 	80 	83,00 	37,20
427 	Buneary 	55 	66 	44 	44 	56 	85 	58,33 	15,47
428 	Lopunny 	65 	76 	84 	54 	96 	105 	80,00 	19,05
429 	Mismagius 	60 	60 	60 	105 	105 	105 	82,50 	24,65
430 	Honchkrow 	100 	125 	52 	105 	52 	71 	84,17 	30,31
431 	Glameow 	49 	55 	42 	42 	37 	85 	51,67 	17,50
432 	Purugly 	71 	82 	64 	64 	59 	112 	75,33 	19,65
433 	Chingling 	45 	30 	50 	65 	50 	45 	47,50 	11,29
434 	Stunky 	63 	63 	47 	41 	41 	74 	54,83 	13,75
435 	Skuntank 	103 	93 	67 	71 	61 	84 	79,83 	16,28
436 	Bronzor 	57 	24 	86 	24 	86 	23 	50,00 	30,73
437 	Bronzong 	67 	89 	116 	79 	116 	33 	83,33 	31,58
438 	Bonsly 	50 	80 	95 	10 	45 	10 	48,33 	35,02
439 	Mime Jr. 	20 	25 	45 	70 	90 	60 	51,67 	26,96
440 	Happiny 	100 	5 	5 	15 	65 	30 	36,67 	38,30
441 	Chatot 	76 	65 	45 	92 	42 	91 	68,50 	21,82
442 	Spiritomb 	50 	92 	108 	92 	108 	35 	80,83 	30,91
443 	Gible 	58 	70 	45 	40 	45 	42 	50,00 	11,64
444 	Gabite 	68 	90 	65 	50 	55 	82 	68,33 	15,37
445 	Garchomp 	108 	130 	95 	80 	85 	102 	100,00 	17,99
446 	Munchlax 	135 	85 	40 	40 	85 	5 	65,00 	45,93
447 	Riolu 	40 	70 	40 	35 	40 	60 	47,50 	14,05
448 	Lucario 	70 	110 	70 	115 	70 	90 	87,50 	20,92
449 	Hippopotas 	68 	72 	78 	38 	42 	32 	55,00 	19,87
450 	Hippowdon 	108 	112 	118 	68 	72 	47 	87,50 	29,02
451 	Skorupi 	40 	50 	90 	30 	55 	65 	55,00 	20,98
452 	Drapion 	70 	90 	110 	60 	75 	95 	83,33 	18,35
453 	Croagunk 	48 	61 	40 	61 	40 	50 	50,00 	9,44
454 	Toxicroak 	83 	106 	65 	86 	65 	85 	81,67 	15,36
455 	Carnivine 	74 	100 	72 	90 	72 	46 	75,67 	18,48
456 	Finneon 	49 	49 	56 	49 	61 	66 	55,00 	7,29
457 	Lumineon 	69 	69 	76 	69 	86 	91 	76,67 	9,69
458 	Mantyke 	45 	20 	50 	60 	120 	50 	57,50 	33,43
459 	Snover 	60 	62 	50 	62 	60 	40 	55,67 	8,89
460 	Abomasnow 	90 	92 	75 	92 	85 	60 	82,33 	12,69
461 	Weavile 	70 	120 	65 	45 	85 	125 	85,00 	31,78
462 	Magnezone 	70 	70 	115 	130 	90 	60 	89,17 	28,00
463 	Lickilicky 	110 	85 	95 	80 	95 	50 	85,83 	20,35
464 	Rhyperior 	115 	140 	130 	55 	55 	40 	89,17 	43,98
465 	Tangrowth 	100 	100 	125 	110 	50 	50 	89,17 	31,69
466 	Electivire 	75 	123 	67 	95 	85 	95 	90,00 	19,59
467 	Magmortar 	75 	95 	67 	125 	95 	83 	90,00 	20,39
468 	Togekiss 	85 	50 	95 	120 	115 	80 	90,83 	25,58
469 	Yanmega 	86 	76 	86 	116 	56 	95 	85,83 	19,90
470 	Leafeon 	65 	110 	130 	60 	65 	95 	87,50 	28,77
471 	Glaceon 	65 	60 	110 	130 	95 	65 	87,50 	28,77
472 	Gliscor 	75 	95 	125 	45 	75 	95 	85,00 	26,83
473 	Mamoswine 	110 	130 	80 	70 	60 	80 	88,33 	26,39
474 	Porygon-Z 	85 	80 	70 	135 	75 	90 	89,17 	23,54
475 	Gallade 	68 	125 	65 	65 	115 	80 	86,33 	26,85
476 	Probopass 	60 	55 	145 	75 	150 	40 	87,50 	47,83
477 	Dusknoir 	45 	100 	135 	65 	135 	45 	87,50 	41,92
478 	Froslass 	70 	80 	70 	80 	70 	110 	80,00 	15,49
479 	Rotom 	50 	50 	77 	95 	77 	91 	73,33 	19,48
480 	Uxie 	75 	75 	130 	75 	130 	95 	96,67 	26,96
481 	Mesprit 	80 	105 	105 	105 	105 	80 	96,67 	12,91
482 	Azelf 	75 	125 	70 	125 	70 	115 	96,67 	27,69
483 	Dialga 	100 	120 	120 	150 	100 	90 	113,33 	21,60
484 	Palkia 	90 	120 	100 	150 	120 	100 	113,33 	21,60
485 	Heatran 	91 	90 	106 	130 	106 	77 	100,00 	18,34
486 	Regigigas 	110 	160 	110 	80 	110 	100 	111,67 	26,39
487 	Giratina 	150 	100 	120 	100 	120 	90 	113,33 	21,60
488 	Cresselia 	120 	70 	120 	75 	130 	85 	100,00 	26,27
489 	Phione 	80 	80 	80 	80 	80 	80 	80,00 	0,00
490 	Manaphy 	100 	100 	100 	100 	100 	100 	100,00 	0,00
491 	Darkrai 	70 	90 	90 	135 	90 	125 	100,00 	24,70
492 	Shaymin 	100 	100 	100 	100 	100 	100 	100,00 	0,00
493 	Arceus 	120 	120 	120 	120 	120 	120 	120,00 	0,00
494 	Victini 	100 	100 	100 	100 	100 	100 	100,00 	0,00
495 	Snivy 	45 	45 	55 	45 	55 	63 	51,33 	7,53
496 	Servine 	60 	60 	75 	60 	75 	83 	68,83 	10,11
497 	Serperior 	75 	75 	95 	75 	95 	113 	88,00 	15,68
498 	Tepig 	65 	63 	45 	45 	45 	45 	51,33 	9,83
499 	Pignite 	90 	93 	55 	70 	55 	55 	69,67 	17,91
500 	Emboar 	110 	123 	65 	100 	65 	65 	88,00 	26,23
501 	Oshawott 	55 	55 	45 	63 	45 	45 	51,33 	7,53
502 	Dewott 	75 	75 	60 	83 	60 	60 	68,83 	10,11
503 	Samurott 	95 	100 	85 	108 	70 	70 	88,00 	15,81
504 	Patrat 	45 	55 	39 	35 	39 	42 	42,50 	6,98
505 	Watchog 	60 	85 	69 	60 	69 	77 	70,00 	9,76
506 	Lillipup 	45 	60 	45 	25 	45 	55 	45,83 	12,01
507 	Herdier 	65 	80 	65 	35 	65 	60 	61,67 	14,72
508 	Stoutland 	85 	100 	90 	45 	90 	80 	81,67 	19,15
509 	Purrloin 	41 	50 	37 	50 	37 	66 	46,83 	11,09
510 	Liepard 	64 	88 	50 	88 	50 	106 	74,33 	23,10
511 	Pansage 	50 	53 	48 	53 	48 	64 	52,67 	5,99
512 	Simisage 	75 	98 	63 	98 	63 	101 	83,00 	18,10
513 	Pansear 	50 	53 	48 	53 	48 	64 	52,67 	5,99
514 	Simisear 	75 	98 	63 	98 	63 	101 	83,00 	18,10
515 	Panpour 	50 	53 	48 	53 	48 	64 	52,67 	5,99
516 	Simipour 	75 	98 	63 	98 	63 	101 	83,00 	18,10
517 	Munna 	76 	25 	45 	67 	55 	24 	48,67 	21,47
518 	Musharna 	116 	55 	85 	107 	95 	29 	81,17 	33,14
519 	Pidove 	50 	55 	50 	36 	30 	43 	44,00 	9,53
520 	Tranquill 	62 	77 	62 	50 	42 	65 	59,67 	12,21
521 	Unfezant 	80 	105 	80 	65 	55 	93 	79,67 	18,13
522 	Blitzle 	45 	60 	32 	50 	32 	76 	49,17 	17,00
523 	Zebstrika 	75 	100 	63 	80 	63 	116 	82,83 	21,22
524 	Roggenrola 	55 	75 	85 	25 	25 	15 	46,67 	29,27
525 	Boldore 	70 	105 	105 	50 	40 	20 	65,00 	34,93
526 	Gigalith 	85 	135 	130 	60 	70 	25 	84,17 	42,36
527 	Woobat 	55 	45 	43 	55 	43 	72 	52,17 	11,21
528 	Swoobat 	67 	57 	55 	77 	55 	114 	70,83 	22,84
529 	Drilbur 	60 	85 	40 	30 	45 	68 	54,67 	20,22
530 	Excadrill 	110 	135 	60 	50 	65 	88 	84,67 	32,81
531 	Audino 	103 	60 	86 	60 	86 	50 	74,17 	20,48
532 	Timburr 	75 	80 	55 	25 	35 	35 	50,83 	22,89
533 	Gurdurr 	85 	105 	85 	40 	50 	40 	67,50 	27,70
534 	Conkeldurr 	105 	140 	95 	55 	65 	45 	84,17 	35,84
535 	Tympole 	50 	50 	40 	50 	40 	64 	49,00 	8,83
536 	Palpitoad 	75 	65 	55 	65 	55 	69 	64,00 	7,87
537 	Seismitoad 	105 	85 	75 	85 	75 	74 	83,17 	11,84
538 	Throh 	120 	100 	85 	30 	85 	45 	77,50 	33,87
539 	Sawk 	75 	125 	75 	30 	75 	85 	77,50 	30,29
540 	Sewaddle 	45 	53 	70 	40 	60 	42 	51,67 	11,67
541 	Swadloon 	55 	63 	90 	50 	80 	42 	63,33 	18,39
542 	Leavanny 	75 	103 	80 	70 	70 	92 	81,67 	13,28
543 	Venipede 	30 	45 	59 	30 	39 	57 	43,33 	12,72
544 	Whirlipede 	40 	55 	99 	40 	79 	47 	60,00 	23,98
545 	Scolipede 	60 	90 	89 	55 	69 	112 	79,17 	21,66
546 	Cottonee 	40 	27 	60 	37 	50 	66 	46,67 	14,75
547 	Whimsicott 	60 	67 	85 	77 	75 	116 	80,00 	19,62
548 	Petilil 	45 	35 	50 	70 	50 	30 	46,67 	14,02
549 	Lilligant 	70 	60 	75 	110 	75 	90 	80,00 	17,61
550 	Basculin 	70 	92 	65 	80 	55 	98 	76,67 	16,44
551 	Sandile 	50 	72 	35 	35 	35 	65 	48,67 	16,57
552 	Krokorok 	60 	82 	45 	45 	45 	74 	58,50 	16,38
553 	Krookodile 	95 	117 	70 	65 	70 	92 	84,83 	20,11
554 	Darumaka 	70 	90 	45 	15 	45 	50 	52,50 	25,45
555 	Darmanitan 	105 	140 	55 	30 	55 	95 	80,00 	40,50
556 	Maractus 	75 	86 	67 	106 	67 	60 	76,83 	16,82
557 	Dwebble 	50 	65 	85 	35 	35 	55 	54,17 	19,08
558 	Crustle 	70 	95 	125 	65 	75 	45 	79,17 	27,64
559 	Scraggy 	50 	75 	70 	35 	70 	48 	58,00 	15,94
560 	Scrafty 	65 	90 	115 	45 	115 	58 	81,33 	29,91
561 	Sigilyph 	72 	58 	80 	103 	80 	97 	81,67 	16,43
562 	Yamask 	38 	30 	85 	55 	65 	30 	50,50 	21,99
563 	Cofagrigus 	58 	50 	145 	95 	105 	30 	80,50 	42,33
564 	Tirtouga 	54 	78 	103 	53 	45 	22 	59,17 	28,01
565 	Carracosta 	74 	108 	133 	83 	65 	32 	82,50 	35,01
566 	Archen 	55 	112 	45 	74 	45 	70 	66,83 	25,28
567 	Archeops 	75 	140 	65 	112 	65 	110 	94,50 	30,78
568 	Trubbish 	50 	50 	62 	40 	62 	65 	54,83 	9,72
569 	Garbodor 	80 	95 	82 	60 	82 	75 	79,00 	11,42
570 	Zorua 	40 	65 	40 	80 	40 	65 	55,00 	17,32
571 	Zoroark 	60 	105 	60 	120 	60 	105 	85,00 	27,93
572 	Minccino 	55 	50 	40 	40 	40 	75 	50,00 	13,78
573 	Cinccino 	75 	95 	60 	65 	60 	115 	78,33 	22,29
574 	Gothita 	45 	30 	50 	55 	65 	45 	48,33 	11,69
575 	Gothorita 	60 	45 	70 	75 	85 	55 	65,00 	14,49
576 	Gothitelle 	70 	55 	95 	95 	110 	65 	81,67 	21,37
577 	Solosis 	45 	30 	40 	105 	50 	20 	48,33 	29,78
578 	Duosion 	65 	40 	50 	125 	60 	30 	61,67 	33,57
579 	Reuniclus 	110 	65 	75 	125 	85 	30 	81,67 	33,71
580 	Ducklett 	62 	44 	50 	44 	50 	55 	50,83 	6,88
581 	Swanna 	75 	87 	63 	87 	63 	98 	78,83 	14,26
582 	Vanillite 	36 	50 	50 	65 	60 	44 	50,83 	10,52
583 	Vanillish 	51 	65 	65 	80 	75 	59 	65,83 	10,52
584 	Vanilluxe 	71 	95 	85 	110 	95 	79 	89,17 	13,80
585 	Deerling 	60 	60 	50 	40 	50 	75 	55,83 	12,01
586 	Sawsbuck 	80 	100 	70 	60 	70 	95 	79,17 	15,63
587 	Emolga 	55 	75 	60 	75 	60 	103 	71,33 	17,63
588 	Karrablast 	50 	75 	45 	40 	45 	60 	52,50 	12,94
589 	Escavalier 	70 	135 	105 	60 	105 	20 	82,50 	40,84
590 	Foongus 	69 	55 	45 	55 	55 	15 	49,00 	18,33
591 	Amoonguss 	114 	85 	70 	85 	80 	30 	77,33 	27,43
592 	Frillish 	55 	40 	50 	65 	85 	40 	55,83 	17,15
593 	Jellicent 	100 	60 	70 	85 	105 	60 	80,00 	19,75
594 	Alomomola 	165 	75 	80 	40 	45 	65 	78,33 	45,35
595 	Joltik 	50 	47 	50 	57 	50 	65 	53,17 	6,68
596 	Galvantula 	70 	77 	60 	97 	60 	108 	78,67 	19,86
597 	Ferroseed 	44 	50 	91 	24 	86 	10 	50,83 	32,51
598 	Ferrothorn 	74 	94 	131 	54 	116 	20 	81,50 	40,97
599 	Klink 	40 	55 	70 	45 	60 	30 	50,00 	14,49
600 	Klang 	60 	80 	95 	70 	85 	50 	73,33 	16,63
601 	Klinklang 	60 	100 	115 	70 	85 	90 	86,67 	19,92
602 	Tynamo 	35 	55 	40 	45 	40 	60 	45,83 	9,70
603 	Eelektrik 	65 	85 	70 	75 	70 	40 	67,50 	15,08
604 	Eelektross 	85 	115 	80 	105 	80 	50 	85,83 	22,68
605 	Elgyem 	55 	55 	55 	85 	55 	30 	55,83 	17,44
606 	Beheeyem 	75 	75 	75 	125 	95 	40 	80,83 	28,00
607 	Litwick 	50 	30 	55 	65 	55 	20 	45,83 	17,15
608 	Lampent 	60 	40 	60 	95 	60 	55 	61,67 	18,07
609 	Chandelure 	60 	55 	90 	145 	90 	80 	86,67 	32,20
610 	Axew 	46 	87 	60 	30 	40 	57 	53,33 	19,84
611 	Fraxure 	66 	117 	70 	40 	50 	67 	68,33 	26,52
612 	Haxorus 	76 	147 	90 	60 	70 	97 	90,00 	30,96
613 	Cubchoo 	55 	70 	40 	60 	40 	40 	50,83 	12,81
614 	Beartic 	95 	110 	80 	70 	80 	50 	80,83 	20,60
615 	Cryogonal 	70 	50 	30 	95 	135 	105 	80,83 	38,39
616 	Shelmet 	50 	40 	85 	40 	65 	25 	50,83 	21,31
617 	Accelgor 	80 	70 	40 	100 	60 	145 	82,50 	36,57
618 	Stunfisk 	109 	66 	84 	81 	99 	32 	78,50 	27,22
619 	Mienfoo 	45 	85 	50 	55 	50 	65 	58,33 	14,72
620 	Mienshao 	65 	125 	60 	95 	60 	105 	85,00 	27,39
621 	Druddigon 	77 	120 	90 	60 	90 	48 	80,83 	25,41
622 	Golett 	59 	74 	50 	35 	50 	35 	50,50 	14,87
623 	Golurk 	89 	124 	80 	55 	80 	55 	80,50 	25,56
624 	Pawniard 	45 	85 	70 	40 	40 	60 	56,67 	18,35
625 	Bisharp 	65 	125 	100 	60 	70 	70 	81,67 	25,43
626 	Bouffalant 	95 	110 	95 	40 	95 	55 	81,67 	27,51
627 	Rufflet 	70 	83 	50 	37 	50 	60 	58,33 	16,38
628 	Braviary 	100 	123 	75 	57 	75 	80 	85,00 	23,14
629 	Vullaby 	70 	55 	75 	45 	65 	60 	61,67 	10,80
630 	Mandibuzz 	110 	65 	105 	55 	95 	80 	85,00 	22,14
631 	Heatmor 	85 	97 	66 	105 	66 	65 	80,67 	17,63
632 	Durant 	58 	109 	112 	48 	48 	109 	80,67 	32,36
633 	Deino 	52 	65 	50 	45 	50 	38 	50,00 	8,92
634 	Zweilous 	72 	85 	70 	65 	70 	58 	70,00 	8,92
635 	Hydreigon 	92 	105 	90 	125 	90 	98 	100,00 	13,55
636 	Larvesta 	55 	85 	55 	50 	55 	60 	60,00 	12,65
637 	Volcarona 	85 	60 	65 	135 	105 	100 	91,67 	27,87
638 	Cobalion 	91 	90 	129 	90 	72 	108 	96,67 	19,51
639 	Terrakion 	91 	129 	90 	72 	90 	108 	96,67 	19,51
640 	Virizion 	91 	90 	72 	90 	129 	108 	96,67 	19,51
641 	Tornadus 	79 	115 	70 	125 	80 	111 	96,67 	23,00
642 	Thundurus 	79 	115 	70 	125 	80 	111 	96,67 	23,00
643 	Reshiram 	100 	120 	100 	150 	120 	90 	113,33 	21,60
644 	Zekrom 	100 	150 	120 	120 	100 	90 	113,33 	21,60
645 	Landorus 	89 	125 	90 	115 	80 	101 	100,00 	17,16
646 	Kyurem 	125 	130 	90 	130 	90 	95 	110,00 	20,25
647 	Keldeo 	91 	72 	90 	129 	90 	108 	96,67 	19,51
648 	Meloetta 	100 	77 	77 	128 	128 	90 	100,00 	23,35
649 	Genesect 	71 	120 	95 	120 	95 	99 	100,00 	18,40 